2
 6,22,75,20,63,7,62,50,49,48,41,23,5,74,66,65,32,31,26,25,17,12
2,3
 6
2,3,4
 6
2.0HT
 66
2.20MM
 23
2.300MM
 22
2.5X
 22,63,62
2.7600UM/PIXEL
 63
2.960UM/PIXEL
 62
2.AFTER
 49
2.CLICK
 48
2/3
 63
20
 21,23,22
200MM
 22
2012
 69
2013
 69
2015
 1
20MM
 23
20X
 66,23,22,63,62
22
 18
2279UM
 66
2279UM/PIXEL
 66
22CM
 23
22MM
 23
22MM/10
 23
22MM/2
 23
22MM/20
 23
22MM/4
 23
22MM/40
 23
23CM
 22
23MM
 22
23MM/10
 22
23MM/2.25
 22
23MM/20
 22
23MM/40
 22
23MM/5
 22
2448X2048
 63
247
 65
24MM
 23
25
 22,21
250
 65
255
 12
258UM
 65
25CM
 74,27,23,22
25UM
 66
26MM
 22
29
 65
29.6CM
 65
294
 65
2X
 23,63
2X2
 63
