1
 13,9,43,20,6,17,15,53,41,32,31,19,14,8,5,42,27,25,40,16,7
1&M
 16
1-8
 43
1.10MM
 19
1.150MM
 19
1.25MM
 20
1.25MM/10
 20
1.25MM/20
 20
1.25MM/40
 20
1.25MM/5
 20
1.333
 13
1.3800UM/PIXEL
 13
1.480UM/PIXEL
 13
1.7250UM/PIXEL
 13
1.850UM/PIXEL
 13
1.953
 13
1.AFTER
 41
1.CHANGE
 42
1.ENTER
 9
1/3
 13
10
 19,3,43,32,20
10/2014
 3
10/2015
 3
100
 20,9
1024
 53
1036
 13
10MM
 20,19
10X
 19,13,20,18
10X10
 20
11
 14,19
11.00MM
 19
12
 20,30
12.5CM
 20
12.5MM
 20
1200
 53
1200:1
 53
12500MM
 20
1280
 53
1384
 13
1394
 13,14
1394CAMERA646
 14
1394CAMERA646.EXE
 14
1394CAMERADEMO32
 14
1394CAMERADEMO32.EXE
 14
150MM
 19
1725UM
 13
185UM
 13
19
 31
1908
 53
1920
 53
1920X1200
 53
1CM
 53
1MM
 20
1ST
 8
